SceneVariables {
    ["camera"] = PerspectiveCamera("primaryCamera"),
    ["layer"] = Layer("defaultLayer"),
    ["enable_motion_blur"] = false,
}

AttributeMap("displayColor") {
    ["default_value"] = bind(undef(), Rgb(0.5, 0.5, 0.5)),
    ["primitive_attribute_name"] = "displayColor",
}

AttributeMap("displayOpacity") {
    ["primitive_attribute_name"] = "displayOpacity",
    ["primitive_attribute_type"] = "float",
}

RdlMeshGeometry("/shape") {
    ["node_xform"] = blur(Mat4(3, 0, 0, 0, 0, 3, 0, 0, 0, 0, 3, 0, 0, 1, -5, 1), Mat4(3, 0, 0, 0, 0, 3, 0, 0, 0, 0, 3, 0, 0, 1, -5, 1)),
    ["face_vertex_count"] = { 3, 3, 3, 3, 3, 3, 3, 3, 3, 3, 4, 4, 4, 4, 4, 4, 4, 4, 4, 4, 4, 4, 4, 4, 4, 4, 4, 4, 4, 4, 4, 4, 4, 4, 4, 4, 4, 4, 4, 4, 4, 4, 4, 4, 4, 4, 4, 4, 4, 4, 4, 4, 4, 4, 4, 4, 4, 4, 4, 4, 4, 4, 4, 4, 4, 4, 4, 4, 4, 4, 4, 4, 4, 4, 4, 4, 4, 4, 4, 4, 3, 3, 3, 3, 3, 3, 3, 3, 3, 3},
    ["vertices_by_index"] = { 2, 1, 0, 3, 2, 0, 4, 3, 0, 5, 4, 0, 6, 5, 0, 7, 6, 0, 8, 7, 0, 9, 8, 0, 10, 9, 0, 1, 10, 0, 1, 2, 12, 11, 2, 3, 13, 12, 3, 4, 14, 13, 4, 5, 15, 14, 5, 6, 16, 15, 6, 7, 17, 16, 7, 8, 18, 17, 8, 9, 19, 18, 9, 10, 20, 19, 10, 1, 11, 20, 11, 12, 22, 21, 12, 13, 23, 22, 13, 14, 24, 23, 14, 15, 25, 24, 15, 16, 26, 25, 16, 17, 27, 26, 17, 18, 28, 27, 18, 19, 29, 28, 19, 20, 30, 29, 20, 11, 21, 30, 21, 22, 32, 31, 22, 23, 33, 32, 23, 24, 34, 33, 24, 25, 35, 34, 25, 26, 36, 35, 26, 27, 37, 36, 27, 28, 38, 37, 28, 29, 39, 38, 29, 30, 40, 39, 30, 21, 31, 40, 31, 32, 42, 41, 32, 33, 43, 42, 33, 34, 44, 43, 34, 35, 45, 44, 35, 36, 46, 45, 36, 37, 47, 46, 37, 38, 48, 47, 38, 39, 49, 48, 39, 40, 50, 49, 40, 31, 41, 50, 41, 42, 52, 51, 42, 43, 53, 52, 43, 44, 54, 53, 44, 45, 55, 54, 45, 46, 56, 55, 46, 47, 57, 56, 47, 48, 58, 57, 48, 49, 59, 58, 49, 50, 60, 59, 50, 41, 51, 60, 51, 52, 62, 61, 52, 53, 63, 62, 53, 54, 64, 63, 54, 55, 65, 64, 55, 56, 66, 65, 56, 57, 67, 66, 57, 58, 68, 67, 58, 59, 69, 68, 59, 60, 70, 69, 60, 51, 61, 70, 61, 62, 72, 71, 62, 63, 73, 72, 63, 64, 74, 73, 64, 65, 75, 74, 65, 66, 76, 75, 66, 67, 77, 76, 67, 68, 78, 77, 68, 69, 79, 78, 69, 70, 80, 79, 70, 61, 71, 80, 71, 72, 81, 72, 73, 81, 73, 74, 81, 74, 75, 81, 75, 76, 81, 76, 77, 81, 77, 78, 81, 78, 79, 81, 79, 80, 81, 80, 71, 81},
    ["vertex_list_0"] = { Vec3(0, 0, -1), Vec3(0.191341713, 0, -0.961939752), Vec3(0.154798701, 0.112467833, -0.961939752), Vec3(0.0591278374, 0.18197678, -0.961939752), Vec3(-0.0591278709, 0.18197678, -0.961939752), Vec3(-0.154798716, 0.112467825, -0.961939752), Vec3(-0.191341713, -1.67276237e-08, -0.961939752), Vec3(-0.154798657, -0.112467892, -0.961939752), Vec3(-0.0591278598, -0.18197678, -0.961939752), Vec3(0.0591278672, -0.18197678, -0.961939752), Vec3(0.154798687, -0.112467848, -0.961939752), Vec3(0.353553385, 0, -0.853553414), Vec3(0.28603071, 0.207813457, -0.853553414), Vec3(0.109253995, 0.336249262, -0.853553414), Vec3(-0.109254062, 0.336249232, -0.853553414), Vec3(-0.28603071, 0.207813442, -0.853553414), Vec3(-0.353553385, -3.09086197e-08, -0.853553414), Vec3(-0.28603062, -0.207813561, -0.853553414), Vec3(-0.10925404, -0.336249232, -0.853553414), Vec3(0.109254047, -0.336249232, -0.853553414), Vec3(0.28603068, -0.207813486, -0.853553414), Vec3(0.461939752, 0, -0.691341758), Vec3(0.373717099, 0.27152136, -0.691341758), Vec3(0.142747223, 0.439330816, -0.691341758), Vec3(-0.142747313, 0.439330786, -0.691341758), Vec3(-0.373717129, 0.27152133, -0.691341758), Vec3(-0.461939752, -4.03840552e-08, -0.691341758), Vec3(-0.37371701, -0.271521509, -0.691341758), Vec3(-0.142747283, -0.439330786, -0.691341758), Vec3(0.142747298, -0.439330786, -0.691341758), Vec3(0.373717099, -0.271521389, -0.691341758), Vec3(0.5, 0, -0.5), Vec3(0.404508501, 0.293892622, -0.5), Vec3(0.154508486, 0.47552827, -0.5), Vec3(-0.154508576, 0.47552824, -0.5), Vec3(-0.404508531, 0.293892592, -0.5), Vec3(-0.5, -4.37113883e-08, -0.5), Vec3(-0.404508382, -0.293892771, -0.5), Vec3(-0.154508546, -0.47552824, -0.5), Vec3(0.154508561, -0.47552824, -0.5), Vec3(0.404508471, -0.293892652, -0.5), Vec3(0.5, 0, 0.5), Vec3(0.404508501, 0.293892622, 0.5), Vec3(0.154508486, 0.47552827, 0.5), Vec3(-0.154508576, 0.47552824, 0.5), Vec3(-0.404508531, 0.293892592, 0.5), Vec3(-0.5, -4.37113883e-08, 0.5), Vec3(-0.404508382, -0.293892771, 0.5), Vec3(-0.154508546, -0.47552824, 0.5), Vec3(0.154508561, -0.47552824, 0.5), Vec3(0.404508471, -0.293892652, 0.5), Vec3(0.461939752, 0, 0.691341758), Vec3(0.373717099, 0.27152136, 0.691341758), Vec3(0.142747223, 0.439330816, 0.691341758), Vec3(-0.142747313, 0.439330786, 0.691341758), Vec3(-0.373717129, 0.27152133, 0.691341758), Vec3(-0.461939752, -4.03840552e-08, 0.691341758), Vec3(-0.37371701, -0.271521509, 0.691341758), Vec3(-0.142747283, -0.439330786, 0.691341758), Vec3(0.142747298, -0.439330786, 0.691341758), Vec3(0.373717099, -0.271521389, 0.691341758), Vec3(0.353553385, 0, 0.853553414), Vec3(0.28603071, 0.207813457, 0.853553414), Vec3(0.109253995, 0.336249262, 0.853553414), Vec3(-0.109254062, 0.336249232, 0.853553414), Vec3(-0.28603071, 0.207813442, 0.853553414), Vec3(-0.353553385, -3.09086197e-08, 0.853553414), Vec3(-0.28603062, -0.207813561, 0.853553414), Vec3(-0.10925404, -0.336249232, 0.853553414), Vec3(0.109254047, -0.336249232, 0.853553414), Vec3(0.28603068, -0.207813486, 0.853553414), Vec3(0.191341713, 0, 0.961939752), Vec3(0.154798701, 0.112467833, 0.961939752), Vec3(0.0591278374, 0.18197678, 0.961939752), Vec3(-0.0591278709, 0.18197678, 0.961939752), Vec3(-0.154798716, 0.112467825, 0.961939752), Vec3(-0.191341713, -1.67276237e-08, 0.961939752), Vec3(-0.154798657, -0.112467892, 0.961939752), Vec3(-0.0591278598, -0.18197678, 0.961939752), Vec3(0.0591278672, -0.18197678, 0.961939752), Vec3(0.154798687, -0.112467848, 0.961939752), Vec3(0, 0, 1)},
    ["primitive_attributes"] = { UserData("/shape.primvars:primId")},
}

GeometrySet("allGeometry") {
    RdlMeshGeometry("/shape"),
}

Layer("defaultLayer") {
    {RdlMeshGeometry("/shape"), "", UsdPreviewSurface("defaultMaterial"), LightSet("LightSet011CB2"), undef(), undef(), undef(), undef(), undef()},
}

UsdPreviewSurface("defaultMaterial") {
    ["diffuseColor"] = bind(AttributeMap("displayColor"), Rgb(1, 1, 1)),
    ["roughness"] = bind(undef(), 0.300000012),
    ["opacity"] = bind(AttributeMap("displayOpacity"), 1),
}

EnvLight("/dome") {
    ["node_xform"] = blur(Mat4(-0.45929700000000001, 0, 0.88828200000000002, 0, 0.74292800000000003, 0.54817300000000002, 0.38413999999999998, 0, -0.486933, 0.836364, -0.25177500000000003, 0, -4.4943999999999997, 8.7855600000000003, -9.4904299999999999, 1), Mat4(-0.45929700000000001, 0, 0.88828200000000002, 0, 0.74292800000000003, 0.54817300000000002, 0.38413999999999998, 0, -0.486933, 0.836364, -0.25177500000000003, 0, -4.4943999999999997, 8.7855600000000003, -9.4904299999999999, 1)),
    ["visible_in_camera"] = "force on",
    ["texture"] = "/work/gshad/moonshine_test/rats_data/light/env_textured/env_maps/burning_man-med.exr",
}

LightSet("LightSet011CB2") {
    EnvLight("/dome"),
}

PerspectiveCamera("/camera") {
    ["node_xform"] = blur(Mat4(0.92717300000000002, 0, 0.37463299999999999, 0, 0.0972581, 0.96571399999999996, -0.240702, 0, -0.361788, 0.25960899999999998, 0.89538399999999996, 0, -2.0532599999999999, 2.95242, 0.34849200000000002, 1), Mat4(0.92717300000000002, 0, 0.37463299999999999, 0, 0.0972581, 0.96571399999999996, -0.240702, 0, -0.361788, 0.25960899999999998, 0.89538399999999996, 0, -2.0532599999999999, 2.95242, 0.34849200000000002, 1)),
    ["near"] = 0.00999999978,
    ["mb_shutter_open"] = 0,
    ["mb_shutter_close"] = 0,
    ["focal"] = blur(300, 300),
    ["film_width_aperture"] = 240,
}

PerspectiveCamera("primaryCamera") {
    ["node_xform"] = blur(Mat4(0.92717300000000002, 0, 0.37463299999999999, 0, 0.0972581, 0.96571399999999996, -0.240702, 0, -0.361788, 0.25960899999999998, 0.89538399999999996, 0, -2.0532599999999999, 2.95242, 0.34849200000000002, 1), Mat4(0.92717300000000002, 0, 0.37463299999999999, 0, 0.0972581, 0.96571399999999996, -0.240702, 0, -0.361788, 0.25960899999999998, 0.89538399999999996, 0, -2.0532599999999999, 2.95242, 0.34849200000000002, 1)),
    ["near"] = 0.00999999978,
    ["mb_shutter_open"] = 0,
    ["mb_shutter_close"] = 0,
    ["focal"] = blur(300, 300),
    ["film_width_aperture"] = 240,
}

UserData("/shape.primvars:primId") {
    ["float_key"] = "primId",
    ["float_values_0"] = { 0},
    ["rate"] = "constant",
}
